map.png
size:733,1816
filter:Linear,Linear
pma:true
00 (1)
bounds:575,1252,156,248
00 (2)
bounds:2,681,537,390
12345
bounds:355,188,358,224
2323 (1)
bounds:2,1073,571,466
2323 (10)
bounds:2,1541,589,273
2323 (11)
bounds:522,419,72,85
rotate:90
2323 (12)
bounds:609,422,85,69
2323 (13)
bounds:355,2,85,82
2323 (2)
bounds:394,95,50,91
2323 (3)
bounds:541,493,172,268
2323 (4)
bounds:593,1502,312,122
rotate:90
2323 (5)
bounds:2,9,351,403
2323 (6)
bounds:541,763,185,238
2323 (7)
bounds:575,1003,152,247
2323 (8)
bounds:2,414,518,265
2323 (9)
bounds:442,24,67,69
444
bounds:355,86,100,37
rotate:90
